5 0
5 43
15 45.5
22 47.25
29 49
29 39
29.5518 39
41 39
44 39
53 39
54 39
56 39
56 21
59 22.5
59 23
59.5385 22.7692
60 23
60 22.5714
66 20
68.8739 18.7683
69.7442 18.3953
71 19
71 17.8571
73 17
76.1277 15.6596
87 21.7353
92 24.5294
92 50
96 28
96 26.7647
100 29
100 0
108 0
108 26
119 13.5333
120.814 11.4777
123 19.2857
126 30
126 0
130 0
130 31
132 43
132 3
164 31.5217
164 31.5218
164 42
167.738 38.2615
168 38
168.941 37.0588
169 37.1667
170 39
170 36.8696
172 38.6522
172 46
175 44.1786
176 43.5714
176.904 43.0228
178 44
178 42.3571
179 41.75
185 38.1071
197 30.8214
200 29
200 19.5
206 22.5
206 38
210 30.4706
210 30.4706
210 45
212.506 44.0193
221 40.6957
223 39.913
226 38.7391
229 37.5652
230 37.1739
233 36
233 24.1628
233 24.1628
242.174 21.6026
244 21.093
257 17.4651
260 16.6279
261 16.3488
261 22
263 20.5517
264.252 19.645
265.951 18.4147
267.542 21.1986
268 22
268 17.4001
268 17.4
270 18
270 15.4828
273 13.3103
275 11.8621
275 17
279 16.04
282.025 15.314
288.826 13.6817
290 14.48
299 20.6
301 21.96
302 22.64
302.463 22.9546
302.532 23.002
304 24
304 22.5002
304 22.5001
305 30.75
306 39
306 17.75
307.609 17.3478
309 17
309 50
318.209 14.6977
320.056 14.236
321 14
325 13
327 12.5
327 24
333 26.8
341 30.5333
341 34
348 34.1522
348.792 34.1694
349.961 34.7151
356 43.0769
357 44.4615
359 47.2308
361 50
361 34.4348
364 34.5
364 38
368.093 34.589
376 34.7609
387 35
387 26.6667
388 27
388 0
409 0
409 13
422 9.94118
422 14
430 18.4651
433 20.1395
433 41
435 42.7778
437.009 44.5638
442 49
442 31.5
443 33.375
444 35.25
446 39
446 30.6153
446 30.6154
448 36
448 28.5116
465 38
465 12.0294
465 12.0294
475 15.8529
475 20
478 21.6216
492 29.1892
501 34.0541
503.591 35.4544
506 38.6667
507 40
507 37.2973
507 37.2973
508 37.8378
512 40
512 19.8182
512 19.8182
515.126 16.5502
517 17
517 14.5909
520.598 10.8291
530 8.14286
534 7
534 0
550 0
550 2
572 7
572 0
574 0
574 44
579 30.6667
579 47
582 31.5
585 16
585 14.6667
585.571 13.1429
586 14
599 40
599 0
619 0
619 3
622 4.09091
622 36
623 35.8
630 34.4
646 31.2
647 31
647 11.8461
647 11.8463
647 15
649 16.1429
653 18.4286
673 29.8571
673.465 30.1229
675 31
675 33
675 32.9996
675 43
675.92 32.4221
676.668 31.9529
677 32.1429
679 33.2857
679 33.286
679 34
679.981 33.8467
680 33.8574
682 35
682 33.5312
682 33.5312
684 33.2188
684 33.2189
684 34
685.883 32.9248
686 32.9062
687.215 32.7164
689 32.4375
691 32.125
696 31.3438
697 31.1875
698 31.0312
703 30.25
705 29.9375
711 29
711 22.6364
711 22.6364
712 22.8182
718 23.9091
720 24.2727
720 24.2727
720 50
724 46.1667
724 46.1666
724 48
728 44.625
733.106 40.3171
734 39.5625
735 38.7188
740.888 33.7511
751 31.6061
751.176 31.5687
752 31.3939
752 31.3939
752 46
756 35.6
757 33
757 30.3333
757 30.3333
761 29.4848
761.792 29.3169
768 31.8
771 33
771 0
792 0
792 45
800 41
804 41.5106
814 42.7872
836 45.5957
847 47
847 24.5814
847 24.5814
851 21.8837
857 17.8372
857 44
860 40.2174
862 37.6957
863.681 35.5765
870 40
870 27.6087
870 27.6087
877.358 18.3316
879 18.7949
879 18.7949
879 24
880 23
882 21
882 47
896 39
901 36.1429
909 31.5714
909 40
910 39.6286
915.706 37.5093
919.012 36.2812
922 44
922 35.1714
922 35.1714
923 34.8
924 34.4286
933 31.0857
944 27
944 9.5
948 12.5909
948 28
949.577 13.8093
950 14.1364
950 15
952.043 15.7152
962 23.4091
974 32.6818
974 35
975.821 34.0893
977 35
977 33.5
978 33
979 32.5
981 31.5
981 31.5
981 45
982.58 44.2101
987 42
990 40.5
1000 35.5
1001 35
1015 28
1015 11.5385
1018 12
1018 0
