2 0
2 19
4 19.2486
4 94
5 93.7306
7 93.1918
8 92.9224
9 92.653
10 92.3836
12 91.8447
13 91.5753
14 91.3059
15 91.0365
16 90.7671
16 99
17 98.8643
19 98.5928
20 98.4571
20.6626 98.3671
29 97.2355
31 96.964
34 96.5568
36.2652 96.2493
37 96.1496
46 94.928
48 94.6565
49.0209 94.5179
51 94.2493
53 93.9778
55 93.7064
56 93.5706
58 93.2992
60 93.0277
61 92.892
62 92.7562
62 92.7562
62 92.7562
64 92.4848
65 92.349
66.4735 92.149
67 92.0776
68 91.9418
69.7805 91.7001
70 91.6704
72 91.3989
74 91.1274
80.4852 90.2472
81 90.1773
81.309 90.1353
83 89.9058
86 89.4986
90.8571 88.8393
92.6188 88.8275
93 88.8249
94 88.8182
94.3107 88.8161
95.4336 88.8085
96 88.8047
96.5657 88.8009
99 88.7845
99 88.7845
99 88.7845
101 88.771
102 88.7643
106 88.7374
109.33 88.715
111 89.3881
111 89.388
111 89.3881
111 89.3881
111 89.3915
111 93
111.209 92.4605
111.351 92.0962
112 90.4242
112.213 89.8772
112.225 89.8819
112.673 90.0621
113 90.194
115 91
115 88.6766
115 88.6768
115 88.6768
115 88.6768
117 88.6633
118.276 88.6547
119 88.6498
121 88.6364
121.974 88.6298
124 88.6162
126 88.6027
126 88.6027
126 88.6027
126 88.6027
126 92
128 90.4478
129 89.6716
129.243 89.4829
130 88.8955
130 88.8955
130 88.8955
130 88.8961
130 96
130.416 95.9374
131.456 95.7806
132.666 95.5984
134 95.3975
134 95.3975
134 95.3975
135.413 95.1846
137.338 94.8946
137.713 94.8381
138.384 94.7371
140.443 94.427
141.508 94.2666
143 94.0418
144 93.8912
145 93.7406
146 93.59
147 93.4393
148 93.2887
150 92.9875
150.133 92.9674
152 92.6862
154 92.385
155.967 92.0887
157 91.9518
157 91.9518
157 94
159 93.9519
162 93.8798
163.75 93.8377
164.555 93.8183
165.316 93.8
166 93.7836
166.535 93.7707
167 93.7595
167.527 93.7468
169 93.7114
171 93.6633
173 93.6152
173 93.6152
173 93.6152
174 93.5912
175 93.5671
175 93.5671
175 93.5671
175 93.5671
177 93.519
177.247 93.5131
177.311 93.5116
178.471 93.4837
180 93.4469
180.414 93.4369
182 93.3988
183 93.3747
183.649 93.3591
186 93.3026
186 93.3026
186 93.3026
186 93.3026
186 98
187 97.5316
188 97.0633
189.881 96.1823
190 96.1266
191.595 95.3798
191.972 95.203
192.33 95.0354
193 94.7215
193.039 94.7033
195 93.7848
195.537 93.5333
196.574 93.0472
197 93.0381
197.216 93.0329
198.008 93.0138
200 92.9659
201 92.9419
202.771 92.8993
205 92.8457
205 92.8457
205 92.8457
207 92.7976
207.232 92.792
208.246 92.7676
210 92.7254
210 92.7254
210 92.7254
212 92.6774
213 92.6533
213.631 92.6381
214.652 92.6136
215 92.6052
216 92.5812
216 92.5812
216 92.5812
216 92.5812
216 92.5812
216 92.5812
216 92.5812
216 92.5812
216 92.5812
217.667 92.5411
218.897 92.5115
219 92.509
221 92.4609
221 92.4609
221 98
221 98
221 98
222 97.8487
222 97.8487
222 97.8487
222.259 97.8095
223 97.6974
224 97.5461
226 97.2434
230 96.6382
230.075 96.6268
231 96.4868
231.407 96.4253
232 96.3355
232 96.3355
232 96.3355
232 96.3355
232 96.3355
234 96.0329
236 95.7302
238.083 95.415
239.82 95.1521
241 96
241 94.9736
241 94.9737
241 94.9737
241.501 94.8979
242 94.8223
242 94.8224
242 94.8223
242 94.8223
243 94.671
243 94.671
243 94.671
243.265 94.6309
243.68 94.5681
244 94.5197
244.563 94.4345
244.637 94.528
249 100
249 93.7631
249 93.7632
249.466 93.6926
250 93.6118
250.972 93.4647
251 93.4605
251 93.4605
251 93.4605
251 93.4444
251 99
252 98.119
252 98.1191
252 98.119
254.197 96.1835
255 95.4762
257 93.7143
257 93.7143
257 93.7143
257.751 93.0528
258.592 92.3119
261 91.9474
261.951 91.8034
262 91.796
263.856 91.5152
264 91.4934
264.523 91.4143
264.536 91.4139
265 91.4028
267 91.3547
267.883 91.3335
268 91.3307
269.642 91.2912
269.866 91.2858
271 91.2585
273 91.2104
273 91.2104
273 91.2104
274 91.1864
275 91.1623
275.27 91.1558
276 91.1383
277 91.1142
277 91.1142
277 91.1143
277 99
277.499 98.7006
278 98.4
279.445 97.5331
280 97.2
282 96
283 95.4
283 95.4
283 95.3999
283 95.3997
283 100
283.25 99.9871
285 99.8971
286 99.8457
287 99.7942
288 99.7428
289 99.6914
290 99.6399
291 99.5885
291.907 99.5418
292.772 99.4973
292.891 99.4912
293 99.4856
293 99.4856
293 99.4856
294 99.4342
296 99.3313
297 99.2798
297 99.2798
297 99.2798
297.271 99.2659
298 99.2284
299 99.177
299.572 99.1475
299.928 99.1292
301 99.0741
302 99.0226
302.409 99.0016
303 98.9712
304 98.9198
305.577 98.8386
306 98.8169
306 98.8169
306 98.8169
308 98.714
308 98.714
308 98.714
308 98.714
308 98.714
313 98.4568
314.037 98.4035
316 98.3025
316 98.3025
316 98.3025
316 98.3025
317.255 98.2379
317.818 98.2089
318 98.1996
320 98.0967
320.531 98.0694
321 98.0453
321 98.0453
321 98.0453
322 97.9938
322.198 97.9836
323 97.9815
326 97.9737
326.365 97.9727
327.757 97.9691
329 97.9658
329 97.9658
329 97.9658
329.786 97.9635
329.852 97.9753
331 98.1667
332 98.3333
333 98.5
335 98.8333
336 99
336 97.9463
336 97.9474
337 97.9447
338 97.9421
338.849 97.9399
340 97.9368
340.538 97.9354
340.539 97.9354
340.856 97.9349
341 98
341 97.9345
341 97.9342
341 97.9342
341 97.9342
342 97.9316
343 97.9289
343 97.9289
343 97.9289
343 97.9289
343 97.9289
343.759 97.9269
345 97.9237
345.932 97.9212
346 97.9211
346.755 97.9191
349 97.9132
350 97.9105
350.453 97.9093
351 97.9079
351 97.9079
351 97.9079
351 97.9079
351 97.9079
351 97.9079
351 97.9079
352.211 97.9047
353 97.9026
353.503 97.9013
353.889 97.9003
356 97.8947
357.588 97.8906
359 97.8868
359.992 97.8842
361.46 97.8804
362.71 97.8771
363 97.8763
363.261 97.8756
364 97.8737
364 97.8737
364 97.8737
364 97.8737
364 97.8737
365 97.8711
365.06 97.8709
367 97.8658
368.138 97.8628
369 97.8605
369.092 97.8603
369.852 97.8583
370 97.8579
370.49 97.8566
371.385 97.8542
372 97.8526
373 97.85
375 97.8447
377 97.8395
377.538 97.8381
379 97.8342
380 97.8316
380.127 97.8312
381 97.8289
381.61 97.8273
382 97.8263
383 97.8237
384 97.8211
385.405 97.8174
387 97.8132
388 97.8105
389 97.8079
389 97.8079
389 97.8079
390 97.8053
390 97.8053
390 97.8053
390 97.8053
390.65 97.8036
392 97.8
393 97.7974
394 97.7947
397 97.7868
397.941 97.7844
398 97.7842
398 97.7842
398 97.7842
400 97.7789
401 97.7763
402.371 97.7727
403 97.771
403 97.771
403 97.771
403.058 97.7709
404 97.7684
405 97.7658
405.114 97.7655
405.866 97.7635
406 97.7632
406.458 97.762
406.484 97.7619
407 97.7605
410 97.7526
410 97.7526
410 97.7526
410 97.7526
410 97.7526
411 97.75
412 97.7474
413.802 97.7426
414 97.7421
414 97.7421
414 97.7421
414 97.7421
414 97.7421
416 97.7368
416 97.7368
416 97.7368
416 97.7368
416 97.7368
416.82 97.7347
420 97.7263
420 97.7263
420 97.7263
420 97.7268
420 100
421.275 99.9078
421.854 99.866
423 99.7831
424 99.7108
426.769 99.5107
427 99.494
428 99.4217
429 99.3494
429.543 99.3102
429.861 99.2871
430 99.2771
431.091 99.1982
432 99.1325
432 99.1325
432 99.1325
432 99.1325
433 99.0602
433.985 98.989
434 98.988
435 98.9157
436 98.8434
437 98.7711
437.013 98.7702
438.245 98.6811
439 98.6265
440 98.5542
440.279 98.5341
441 98.4819
443 98.3373
447 98.0482
447 98.0482
447 98.0482
447.002 98.0483
447 99
448.572 98.8906
449 98.8609
450 98.7913
451 98.7217
453 98.5826
453.822 98.5254
454 98.513
455 98.4435
457.225 98.2887
458 98.2348
458 98.2348
458 98.2348
458.387 98.2079
459 98.1652
459 98.1652
459 98.1652
460 98.0956
460 98.0956
460 98.0957
460 98.0957
460 98.0978
460 100
460 100
460 100
460 100
460 100
461 99.9665
462.911 99.9024
463 99.8994
463.088 99.8964
463.853 99.8708
464.468 99.8502
464.738 99.8411
466 99.7988
466.92 99.7679
467 99.7652
467 99.7652
467 99.7652
467.09 99.7622
468 99.7317
468 99.7317
468 99.7317
468 99.7317
468 99.7317
469 99.6982
469 99.6982
469 99.6982
471 99.6311
471.356 99.6192
472 99.5976
472 99.5976
472 99.5976
473 99.564
474 99.5305
475 99.4969
476 99.4634
477 99.4299
477 99.4299
477 99.4299
478 99.3963
479.084 99.36
479.432 99.3483
479.604 99.3425
481 99.2957
486 99.1281
486 99.1281
486 99.1281
486 99.1281
488 99.061
490 98.9939
491.355 98.9485
492 98.9268
492 98.9268
492.001 98.9268
492 98.9268
493 98.8933
493.653 98.8714
493.893 98.8634
494 98.8598
495 98.8262
496 98.7927
496 98.7927
496 98.7927
500 98.6585
501 98.625
501 98.625
501 98.625
501 98.625
501 98.625
502.183 98.5853
503 98.5579
503 98.5579
503 98.5579
503 98.5579
503 98.5579
503 98.5579
504 98.5244
504 98.5244
504 98.5244
504.604 98.5041
505 98.4909
505.963 98.4585
506 98.4573
506.97 98.4248
507 98.4238
507.95 98.3919
508 98.3902
509 98.3567
509 98.3567
509 98.3567
510.737 98.2985
510.775 98.2972
511 98.2896
513 98.2226
514 98.189
515 98.1555
517 98.0884
518 98.0549
519 98.0213
520 97.9878
520.063 97.9857
520.68 97.965
521 97.9543
523 97.8872
526.019 97.7859
526.646 97.7649
527 97.753
527.861 97.7242
530.939 97.621
531.434 97.6043
532 97.5854
533 97.5518
536.364 97.439
536.967 97.4181
537 97.4184
537.915 97.416
538 97.4158
539 97.4132
539 97.4132
539 97.4132
540 97.4105
540.453 97.4093
541 97.4079
542 97.4053
543 97.4026
543 97.4026
543 97.4026
543.135 97.4023
544 97.4
545 97.3974
546 97.3947
547 97.3921
548 97.3895
551 97.3816
552 97.379
554 97.3737
554.848 97.3715
556 97.3684
557.572 97.3643
557.777 97.3637
558 97.3632
558 97.3563
558 100
559 99.9575
559.57 99.9332
560.518 99.8928
560.557 99.8912
560.974 99.8734
562 99.8298
563 99.7872
564 99.7447
565 99.7021
565 99.7021
565 99.7021
566 99.6596
567 99.617
567 99.617
567 99.617
567.407 99.5997
571 99.4468
572 99.4043
572.085 99.4006
573 99.3617
574 99.3191
574.157 99.3125
574.261 99.308
575 99.2766
575 99.2766
575 99.2766
575 99.2766
575.065 99.2738
575.38 99.2604
576 99.234
576.243 99.2237
577 99.1915
578 99.1489
578 99.1489
578 99.1489
578 99.1489
579 99.1064
580 99.0638
580 99.0638
580 99.0638
581 99.0213
582 98.9787
582 98.9787
582 98.9787
585 98.8511
586 98.8085
586 98.8085
586 98.8085
587 98.766
587.536 98.7432
588 98.7234
590 98.6383
591 98.5957
592 98.5532
592 98.5532
592 98.5532
593 98.5106
594 98.4681
595 98.4255
596 98.383
597.206 98.3317
599 98.2553
600.511 98.191
600.639 98.1856
602 98.1277
603 98.0851
603 98.0851
603 98.0851
604 98.0426
604 98.0425
604 98.0425
603.999 98.0422
604 100
605 99.8761
605 99.8761
605 99.8761
606.515 99.6883
608.788 99.4066
609 99.3803
613 98.8845
615 98.6366
615.108 98.6233
616 98.5127
616 98.5127
616 98.5127
617 98.3887
618 98.2648
618.361 98.2201
619 98.1408
620 98.0169
620 98.0169
620 98.0169
620 98.0165
620 100
621 99.865
622 99.73
622.597 99.6494
624 99.46
624.548 99.386
626 99.19
626.734 99.091
627.494 98.9883
628 98.92
628.024 98.9168
629 98.785
630 98.65
630.228 98.6193
631 98.515
632.237 98.3481
633 98.245
634 98.11
634 98.11
634 98.11
634.837 97.9971
634.872 97.9923
635.081 97.964
635.738 97.8754
636 97.84
636 97.84
636 97.84
638.635 97.4843
639 97.435
639 97.435
639 97.435
640 97.3
641 97.165
641.146 97.1432
641.741 97.1428
642 97.1421
643 97.1395
644 97.1368
644.628 97.1352
646 97.1316
647 97.1289
648 97.1263
648.513 97.125
649.046 97.1236
649.82 97.1215
651 97.1184
651 97.1184
651 97.1184
651.445 97.1172
652 97.1158
652 97.1158
652 97.1159
652 99
653 98.9865
655 98.9595
656 98.9459
656.68 98.9368
657.181 98.93
657.184 98.9299
658 98.9189
660.312 98.8877
661 98.8784
662 98.8649
667 98.7973
668 98.7838
669 98.7703
670 98.7568
670.05 98.7561
671 98.7432
671.538 98.736
673 98.7162
673.746 98.7061
674 98.7027
675 98.6892
677 98.6622
678 98.6487
678.566 98.641
679.227 98.6321
680.29 98.6177
681 98.6081
682 98.5946
683 98.5811
685 98.5541
687.4 98.5216
688 98.5135
689 98.5
690.63 98.478
691 98.473
692 98.4595
693 98.4459
693 98.4459
693 98.4459
693.677 98.4368
694 98.4324
696 98.4054
696 98.4054
696 98.4054
698.18 98.3759
698.349 98.3737
699 98.3649
699.705 98.3553
701 98.3378
703 98.3108
703 98.3108
703 98.3108
703 98.3108
703 98.3108
705 98.2838
705 98.2838
705 98.2838
705.328 98.2794
707 98.2568
708 98.2432
708 98.2432
708 98.2432
708 98.2432
708 98.2432
708 98.2432
708 98.2432
708.429 98.2374
709 98.2297
709 98.2297
709 98.2297
709.689 98.2204
712.016 98.189
713 98.1757
714 98.1622
715 98.1487
718 98.1081
718.154 98.106
719 98.0946
719.062 98.0938
719.695 98.0852
720.222 98.0781
721 98.0676
721 98.0676
721 98.0676
721 98.0676
721 98.0676
722 98.0541
722.956 98.0411
723 98.0405
723.046 98.0399
723.087 98.0394
724 98.027
725 98.0135
725.911 98.0012
727 97.9865
732.266 97.9153
734 97.8919
735 97.8784
736 97.8649
737 97.8514
737.539 97.8471
738 98
738 97.8409
737.999 97.8379
738 97.8378
738 97.8378
739.037 97.8238
740 97.8108
741 97.7973
741 97.7973
741 97.7973
741 97.7973
741 97.7973
741 97.7973
741 97.7973
741 97.7973
741 97.7973
741 97.7973
741.326 97.7929
741.994 97.7839
742.788 97.7731
743.461 97.764
743.707 97.7607
744 97.7568
745 97.7432
747 97.7162
747.507 97.7094
748 97.7027
748.052 97.702
748.105 97.7013
749.898 97.6771
750 97.6757
751 97.6622
751 97.6622
751 97.6622
751 97.6622
752 97.6487
752.648 97.6399
753 97.6351
754 97.6216
755 97.6081
756 97.5946
758.208 97.5648
759 97.5541
759 97.5541
759 97.5541
759 97.5541
760 97.5405
760.171 97.5382
760.804 97.5297
761.797 97.5163
762 97.5135
762 97.5135
762 97.5135
763 97.5
764 97.4865
765 97.473
765 97.473
765 97.473
766 97.4595
767 97.4459
768 97.4324
768.717 97.4227
769 97.4189
769.675 97.4098
770 97.4054
771.503 97.3851
773 97.3649
773.076 97.3638
774 97.3514
776 97.3243
777 97.3108
778 97.2973
779.578 97.276
780 97.2703
781 97.2568
781 97.2568
781 97.2568
781 97.2568
781 97.2568
782.447 97.2372
783 97.2297
783 97.2297
783 97.2297
783.755 97.2195
784.883 97.2043
785 97.2027
786.146 97.1872
787 97.1757
787 97.1757
787 97.1755
787 100
788 98.425
788 98.4251
788 98.425
788.278 97.9867
788.809 97.151
789 97.1485
791 97.1216
791.377 97.1165
792 97.1081
793 97.0946
794 97.0811
794.888 97.0691
796 97.0541
796.078 97.053
797 97.0405
797.219 97.0377
798 97.2741
799 97.5769
799.144 97.6204
800 97.8798
800 97.8798
800 97.8797
800 97.8798
800 97.8798
801 98.1827
801 98.1825
801 98.1827
801 98.1827
801 98.1827
801 98.1827
801.875 98.4479
802 98.4856
802.704 98.6987
803.119 98.8244
804 99.0913
804.879 99.3576
806 99.6971
806.382 99.8128
807 100
807 95.1658
807 95.1663
807 95.1663
807 95.1663
807 95.1663
807 95.1663
807 95.1663
809 95.6023
809.34 95.6765
809.772 95.7705
814.357 96.7699
815.657 97.0534
816.674 97.2751
818 97.564
818 97.5641
818 97.5641
818 97.5641
818 97.564
818.926 97.766
819 97.782
820 98
820 93.3424
820 93.3425
820 93.3425
820.097 93.3456
820.715 93.3657
821 93.375
822 93.4075
824 93.4725
825 93.505
825.734 93.5289
826 93.5375
826 93.5375
826 93.5375
827 93.57
827 93.57
827 93.57
828 93.6025
829.103 93.6383
830 93.6675
831 93.7
834 93.7975
834.705 93.8204
835 93.83
836.385 93.875
837 93.895
837 93.895
837 93.895
837 93.895
837 93.895
837 93.8928
837 98
837.84 97.8945
839 97.7488
839.54 97.6809
840 97.6232
840.068 97.6147
841.177 97.4753
841.646 97.4165
843 97.2464
844 97.1209
847 96.7441
849 96.4929
852 96.1162
856.49 95.5522
858 95.3627
858 95.3627
858 95.3627
858.917 95.2475
859 95.2371
859 95.237
859 95.2371
859 95.2371
859 95.2371
859.178 95.2147
859.619 95.6496
860 96.0258
861 97.0129
862 98
862 94.8603
862 94.8602
862 94.8602
862 94.8602
862 94.8602
862.946 94.7382
863 94.74
863 94.74
863 94.74
863.228 94.7474
864 94.7725
864 94.7725
864.001 94.7749
864 100
865 99.5921
865.008 99.5889
866.652 98.9183
867 98.7763
867 98.7763
867 98.7763
868 98.3684
869 97.9605
871 97.1447
871 97.1446
871 97.1447
872 96.7368
873 96.3289
873.827 95.9917
874 95.9211
874 95.9211
874 95.9211
873.998 95.9226
874 96
874.824 95.898
874.981 95.8785
875 95.8762
875 95.8762
875 95.8762
874.999 95.8762
875 95.8769
875 100
875 100
875 100
876.4 99.8783
877 99.8261
878.198 99.722
879 99.6522
879 99.6522
879 99.6522
879 99.6522
879 99.6522
880 99.5652
881 99.4783
882 99.3913
882.117 99.3811
882.44 99.353
883 99.3044
883 99.3043
883 99.3044
883 99.3043
883 99.3044
884 99.2174
885 99.1304
885 99.1304
885 99.1304
886 99.0435
887 98.9565
887 98.9565
887 98.9565
888 98.8696
889.362 98.7512
890 98.6956
894 98.3478
897 98.087
898 98
898 95.5575
898 95.5575
898 95.5575
900 96.0801
900.557 96.2257
901 96.3415
903 96.8641
904 97.1254
906 97.6481
906.067 97.6656
907 97.9094
907.883 98.14
910 98.6934
911.058 98.9698
914 99.7387
914.835 99.9568
915 100
915 99.2231
915 99.2229
915 99.2229
915 99.2229
915 99.2229
915 99.2228
915 99.2229
916.087 99.5045
917.801 99.9485
918 100
918 90.8554
918 90.8556
918 90.8557
918 90.8557
919 90.8076
919 90.8076
919 90.8048
919 100
919.029 99.9957
920 99.8502
920 99.8503
920 99.8502
922 99.5507
922.931 99.4114
923 99.401
923 99.401
923 99.401
923.613 99.3092
924 99.2512
924.882 99.1191
927 98.8019
927 98.8019
927 98.8019
927 98.8019
927.795 98.6829
928 98.6522
930 98.3527
930 98.3526
930 98.3527
930.162 98.3284
931 98.2029
931.649 98.1057
931.821 98.0799
933 97.9034
934 97.7536
936 97.4541
936.074 97.443
937 97.3043
937.123 97.286
938 97.1546
939 97.0048
939 97.0049
939 97.0048
939.853 96.8771
940 96.8551
940 96.8551
940 96.8551
940 96.8551
941 96.7053
942 96.5555
943.389 96.3475
944 96.256
944.128 96.2369
945 96.1063
945 96.1063
945 96.1063
945 96.1063
945.864 95.9768
946.854 95.8287
947 95.8068
948.395 95.5978
950 95.3575
950.001 95.3573
950 95.3575
950 95.3575
951 95.2077
953 94.9082
954.755 94.6453
955 94.6087
956 94.4589
956 94.4589
956 94.4589
958 94.1594
959 94.0097
959 94.0097
959 94.0097
959.87 93.8793
960 93.8599
961 93.7101
961.053 93.7022
964 93.2609
965 93.1111
965.651 93.0136
966 92.9613
966.977 92.813
967 92.819
968 93.1238
968 93.1239
968 93.1238
969 93.4286
970 93.7333
972 94.3429
972 94.3428
971.999 94.3427
972 94.3428
972 94.3429
972.367 94.4547
973 94.6476
973.923 94.9288
973.978 94.9456
976 95.5619
977 95.8667
978 96.1714
978.019 96.1773
978.042 96.1843
978.377 96.2863
979 96.4762
979.171 96.5283
980 96.781
980.992 97.0832
981 97.0857
981.155 97.133
982 97.3905
982 97.3904
982 97.3905
982 97.3905
983.13 97.735
984 98
984.001 95.2785
984 95.2789
984 95.2789
984 95.2789
986 95.5918
986.93 95.7373
987 95.7483
988 95.9048
988 95.9048
988 95.9048
990 96.2177
991.07 96.3852
991.188 96.4036
992.876 96.6676
993 96.6871
993.586 96.7788
994 96.8435
995 97
995 90.6673
995 90.6667
995.054 90.6757
996 90.8333
997.289 91.0481
998 91.1667
1001 91.6667
1002 91.8333
1002.56 91.9274
1003.21 92.0358
1004 92.1667
1004.1 92.183
1005 92.3333
1005.83 92.4716
1006 92.5
1006.58 92.597
1008 92.8333
1008.77 92.9622
1008.88 92.9808
1009 93
1009.64 93.1062
1010 93.1667
1010 93.1666
1010 93.1667
1011 93.3333
1011 93.3333
1011 93.3334
1011 93.3333
1012 93.5
1013 93.6667
1014 93.8333
1015.75 94.1248
1016.24 94.2075
1018 94.5
1019 94.6667
1020 94.8333
1020 94.8333
1020 94.8334
1020 94.8333
1020 94.8333
1020 94.8334
1020 94.8333
1021 95
1021 95
1021 95
1021 95
1021 95
1021 95
1023 95.3333
1023 95.3333
1023 95.3333
1023 95.3333
1024 95.5
1025 95.6667
1025 95.6667
1025 95.6667
1026 95.8333
1026.15 95.8589
1027.11 96.0175
1028 96.1667
1028.02 96.1706
1029.41 96.4014
1030 96.5
1030.42 96.5705
1032.41 96.9013
1034 97.1667
1036 97.5
1037 97.6667
1038 97.8333
1039 98
1039 94.3142
1039 94.3185
1039.36 94.3032
1040 94.2759
1043 94.1481
1045 94.0629
1047 93.9777
1048 93.9351
1049 93.8925
1049.78 93.8594
1051 93.8073
1053 93.7222
1054 93.6796
1054 93.6796
1054 93.6796
1055.59 93.6118
1056 93.5945
1057 93.5519
1057 93.5519
1057 93.5519
1057 93.5523
1057 98
1057.35 97.9401
1058 97.8281
1059 97.6562
1059 97.6564
1059 97.6563
1059 97.6562
1059.32 97.6006
1060 97.4844
1060 97.4844
1060 97.4844
1061.4 97.2444
1061.5 97.226
1062 97.1406
1062.27 97.0937
1062.66 97.0277
1062.88 96.9902
1062.98 96.9729
1063 96.9688
1063 96.9688
1063 96.9688
1063 96.9687
1063 96.9688
1063 96.9686
1063 96.9688
1064.99 96.6263
1065 96.625
1065 96.625
1065 96.625
1067 96.2812
1068 96.1094
1070 95.7656
1071 95.5938
1072.51 95.3337
1072.57 95.3239
1073 95.25
1073.77 95.118
1074.41 95.0085
1075 95.1176
1076 95.2941
1077 95.4706
1079 95.8235
1079.89 95.9809
1080.63 96.1106
1081 96.1765
1083 96.5294
1083.17 96.5599
1084 96.7059
1084.51 96.7955
1086 97.0588
1088 97.4118
1088 97.4118
1088 97.4118
1088.58 97.5146
1088.98 97.5853
1089 97.5882
1090 97.7647
1091 97.9412
1092 98.1176
1092 98.1176
1092 98.1176
1093 98.2941
1093.37 98.3596
1093.55 98.3915
1094 98.4706
1094 98.4706
1094 98.4706
1095 98.6471
1095.97 98.8188
1096 98.8235
1096.5 98.9109
1097 99
1097 95.466
1097 95.4661
1097 95.4661
1097 95.4661
1098 95.5254
1099 95.5848
1100 95.6441
1101 95.7034
1101 95.7034
1101 95.7034
1102 95.7627
1102 95.7627
1102 95.7627
1102 95.7627
1102.96 95.8197
1103 95.822
1103.61 95.8584
1104 95.8814
1105 95.9407
1106 96
1106 93.6017
1106 93.6025
1107 93.57
1107 93.5699
1107 93.57
1107.92 93.5401
1108 93.5375
1108 93.5375
1108 93.5375
1109 93.505
1109.11 93.5015
1110.63 93.454
1111 93.5435
1112 93.7826
1112 93.7826
1112 93.7826
1114 94.2609
1114.69 94.4247
1115 94.5
1115.62 94.6478
1115.87 94.7091
1116 94.7391
1116 94.7392
1116 94.7391
1116.48 94.8542
1117 94.9783
1119.91 95.675
1119.93 95.6794
1120 95.6956
1121 95.9348
1121 95.9347
1121 95.9348
1121 95.9348
1121 95.9348
1123 96.413
1123.58 96.5527
1123.79 96.6029
1124 96.6522
1125 96.8913
1126 97.1304
1127 97.3696
1127.91 97.5873
1128.15 97.6445
1129 97.8478
1131.4 98.4221
1132 98.5652
1133 98.8044
1134 99.0435
1134.6 99.1881
1136 99.5217
1137 99.7609
1138 100
1138 94.1972
1138 94.1972
1139 94.346
1140 94.4948
1141 94.6436
1141.22 94.6769
1142 94.7924
1144 95.09
1144.83 95.2132
1146 95.3875
1148.63 95.7787
1149.24 95.8701
1150 95.9827
1150 95.9827
1150 95.9827
1154 96.5779
1154.57 96.6623
1156 96.8754
1156.85 97.0017
1158 97.173
1159 97.3218
1159 97.3217
1159 97.3218
1159.38 97.3778
1161.52 97.6972
1163 97.917
1163 97.917
1163 97.917
1164 98.0658
1165 98.2145
1165 98.2145
1165 98.2145
1166 98.3633
1168 98.6609
1168 98.661
1168 98.6609
1168 98.6609
1169 98.8097
1170 98.9585
1172 99.2561
1174 99.5536
1174 99.5536
1174 99.5536
1174 99.5536
1174 99.5536
1174 99.5537
1174 99.5536
1175 99.7024
1175.43 99.7665
1177 100
1177 92.8464
1177 92.8463
1177 92.8462
1177 92.8461
1177.27 92.7407
1178 92.7796
1178.59 92.8087
1180 92.8776
1185 93.1225
1185 93.1225
1185 93.1225
1185 93.1214
1185 100
1187 98.3404
1187 98.3403
1187 98.3405
1187 98.3404
1188.83 96.8246
1190.97 95.046
1191 95.0213
1192.83 93.5062
1194 93.5633
1196 93.6612
1197 93.7102
1197.44 93.7319
1197.95 93.7569
1200.53 93.8831
1201 93.9061
1201 93.9061
1201 93.9061
1201 93.9061
1202 93.9551
1202.39 93.974
1203 94.0041
1203 94.0041
1203 94.0038
1203 97
1206 96.9704
1207 96.9605
1207.21 96.9585
1208.28 96.9479
1209 96.9408
1211.52 96.9159
1213 96.9013
1213.19 96.8994
1213.64 96.8951
1214 97.075
1216.64 98.3598
1217 98.5375
1219 99.5125
1219 99.5124
1219 99.5125
1220 100
1220 96.8316
1220 96.8322
1222 96.8125
1223 96.8026
1225 96.7829
1227 96.7632
1228 96.7533
1229 96.7434
1230 96.7336
1230.99 96.7238
1232 96.7138
1233 96.7039
1234 96.6941
1234 96.6941
1234 96.6941
1235 96.6842
1235 96.6842
1235 96.6842
1235 96.6844
1235 99
1235.61 98.8257
1236.76 98.4934
1236.88 98.4592
1237 98.4253
1238 98.1379
1238 98.1379
1238 98.1379
1238.41 98.0205
1241.41 97.1593
1242 96.9885
1243.34 96.6018
1247 96.5658
1248 96.5559
1248.86 96.5475
1249 96.5461
1249 96.5461
1250 96.5362
1252 96.5164
1252 96.5164
1252 96.5164
1253.9 96.4976
1255 96.5515
1259 96.7469
1261 96.8449
1263.63 96.9737
1264.43 97.0129
1265 97.0408
1267 97.1388
1269 97.2367
1270 97.2857
1271 97.3347
1272 97.3837
1275 97.5306
1276 97.5796
1277 97.6286
1277 97.6286
1277 97.6286
1278 97.6776
1278 97.6776
1278 97.6776
1279 97.7265
1280 97.7755
1280 97.7755
1280 97.7755
1280 97.7755
1280 97.7755
1280 97.7755
1281 97.8245
1282.43 97.8945
1283 97.9225
1283.31 97.9376
1284 97.9714
1286.26 98.0823
1287 98.1184
1288 98.1674
1288 98.1674
1288 98.1674
1288 98.1679
1288 100
1290 99.514
1291 99.271
1291 99.2711
1291 99.271
1292 99.028
1292 99.0281
1292 99.028
1293.96 98.5524
1294 98.5421
1294.28 98.4741
1295 98.5102
1296.03 98.5608
1297 98.6082
1297.5 98.6327
1297.9 98.6522
1300 98.7551
1300 98.7551
1300 98.7551
1301 98.8041
1302 98.8531
1303 98.902
1305 99
1305 95.9925
1305 95.9934
1305 95.9934
1305.74 95.9861
1306 95.9836
1307 95.9737
1308 95.9638
1309 95.9539
1309.12 95.9527
1312 95.9243
1312.48 95.9196
1312.95 95.915
1314 95.9046
1315 95.8947
1316 95.8849
1316 95.8849
1316 95.8849
1316 95.8849
1316 95.8849
1317 95.875
1317.71 95.8679
1318.11 95.864
1319.04 95.8589
1319 95.859
1320 95.8718
1321 95.8846
1322 95.8974
1322 95.8974
1322 95.8974
1322.7 95.9064
1323 95.9103
1323 95.9103
1323 95.9103
1323.24 95.9133
1323.76 95.9199
1326 95.9487
1326.59 95.9563
1328 95.9744
1333 96.0385
1334 96.0513
1334.01 96.0514
1334.28 96.0549
1336.21 96.0797
1337 96.0898
1337 96.0898
1337 96.0898
1340 96.1282
1341 96.141
1341 96.141
1341 96.141
1343 96.1667
1343.7 96.1756
1344 96.1795
1346 96.2051
1346.88 96.2164
1347.52 96.2246
1350 96.2564
1350 96.2564
1350 96.2564
1350 96.2564
1350 96.2564
1350.67 96.265
1351 96.2692
1351 96.2692
1351 96.2692
1352 96.2821
1355 96.3205
1356 96.3333
1357.49 96.3524
1358 96.359
1359 96.3718
1359.56 96.379
1360 96.3846
1360.72 96.3938
1361 96.3974
1361.21 96.4001
1362 96.4103
1364 96.4359
1364.8 96.4462
1366 96.4615
1366.17 96.4637
1367 96.4744
1370 96.5128
1370 96.5128
1370 96.5128
1371.98 96.5382
1372 96.5385
1372 96.5385
1372 96.5385
1372 99
1372.96 98.8445
1373 98.8388
1373.58 98.7455
1374 98.6776
1374.35 98.6219
1376 98.3553
1376 98.3553
1376 98.3553
1377 98.1941
1379 97.8717
1379 97.8717
1379 97.8717
1380 97.7105
1381 97.5493
1383 97.227
1383 97.227
1383 97.227
1383 99
1384.48 98.8874
1386.89 98.7032
1390 98.4664
1392.13 98.3036
1393 98.2377
1394 98.1614
1395 98.0852
1396 98.009
1398 97.8565
1398.05 97.8527
1398.19 97.8421
1398.76 97.7983
1398.79 97.7961
1399 97.7803
1399 97.7803
1399 97.7803
1399.39 97.7507
1401 97.6278
1401.69 97.5749
1402 97.5516
1402.76 97.4933
1403 97.4753
1406 97.2466
1408 97.0942
1408 97.0943
1408 97.0942
1409.08 97.0114
1410 97.0257
1410 97.0257
1410 97.0257
1412 97.0513
1412.03 97.0517
1413 97.0641
1413.79 97.0743
1414 97.077
1414.89 97.0883
1416 97.2579
1418 97.5626
1418.69 97.6678
1419 97.7149
1420 97.8672
1421 98.0196
1421.88 98.1537
1422 98.1719
1422 98.172
1422 98.172
1422 98.1719
1422.3 98.2171
1423 98.3243
1423.76 98.4403
1424 98.4766
1424 98.4768
1424 98.4961
1424 100
1424.11 99.9794
1424.21 99.9615
1428.08 99.2524
1428.53 99.1689
1429.23 99.2733
1430.98 99.5403
1431 99.543
1431 99.543
1431 99.543
1431 99.543
1432 99.6953
1432 99.6953
1432 99.6953
1432 99.6953
1432 99.6953
1434 100
1434 98.1684
1434 98.1686
1434 98.1687
1434.7 98.0398
1435 97.9855
1436 97.8024
1437.97 97.4424
1438.28 97.3838
1439 97.3974
1440.49 97.4165
1441 97.4231
1442 97.4359
1444 97.4615
1444 97.4627
1444 98
1444.78 97.9973
1445 97.9965
1445 97.9965
1445 97.9965
1446 97.993
1447 97.9895
1447.38 97.9882
1448 97.986
1448 97.9863
1448 99
1448.07 98.9768
1449 98.6866
1451 98.0597
1451.27 97.9749
1453.68 97.9664
1453.9 97.9656
1454 97.9653
1456 97.9582
1458 97.9512
1460 97.9442
1461 97.9407
1463 97.9336
1463.82 97.9307
1465 97.9266
1465.08 97.9263
1466 97.9231
1466 97.9231
1466 97.9231
1469 97.9126
1469 97.9126
1469 97.9126
1471 97.9056
1472 97.9021
1473 97.8986
1474.78 97.8924
1475 97.8916
1475 97.8916
1475 97.8916
1476.64 97.8862
1477 97.885
1477 97.885
1477 97.885
1477.01 97.8849
1477.29 97.8884
1478 97.8974
1479.83 97.9208
1480 97.9231
1481 97.9359
1481.6 97.9436
1484.91 97.9861
1485 97.9872
1486 98
1486 97.921
1486 97.9221
1487 97.982
1487 97.982
1487 97.982
1487 97.982
1487.36 98.0038
1488 98.0419
1488.69 98.0838
1488.72 98.1769
1488.73 98.2152
1489 99
1489 98.1023
1489 98.1018
1489 98.1018
1489 98.1018
1489 98.1018
1489 98.1018
1489.93 98.1574
1496 98.521
1498 98.6407
1498.03 98.6425
1498.16 98.65
1499.9 98.7542
1501.77 98.8664
1502 98.8802
1502.39 98.9034
1503 98.9401
1504 99
1504 97.7902
1504 97.7902
1504 97.7902
1504.6 97.7881
1505 97.7867
1505 97.7867
1505 97.7867
1505.04 97.7866
1507 97.7797
1507 97.7797
1507 97.7797
1507 97.7797
1507 97.7797
1508 97.7762
1509 97.7727
1509 97.7727
1509 97.7727
1510 97.7692
1511 97.7657
1511 97.7657
1511 97.7657
1512 97.7622
1512 97.7622
1512 97.7622
1513 97.7587
1514 97.7552
1514 97.7552
1514 97.7552
1515 97.7517
1515.48 97.7514
1516 97.9302
1517 98.2868
1518 98.6434
1519 99
1519 97.7313
1519 97.7378
1519 97.7378
1519 97.7378
1520 97.7343
1520 97.7343
1520 97.7343
1520.38 97.7329
1521 97.731
1521.98 97.7279
1523 98
1523 97.7244
1523 97.724
1523 97.7238
1523 97.7238
1523 97.7238
1523 97.7238
1523 97.7238
1525.9 97.7136
1527.95 97.7065
1528 97.7063
1529.62 97.7006
1530 97.6993
1531 97.6958
1532 97.6923
1533 97.6888
1535 97.6818
1535 97.6818
1535 97.6818
1535 97.6818
1535 97.6818
1536 97.6783
1536 97.6783
1536 97.6783
1537 97.6748
1537 97.6748
1537 97.6748
1537.71 97.6723
1539 97.6678
1541 97.6608
1542 97.6573
1545.83 97.644
1546 97.6434
1547.14 97.6394
1548 97.6364
1548.84 97.6334
1549 97.6329
1552 97.6224
1552 97.6224
1552 97.6224
1553 97.6189
1553 97.6189
1553 97.6189
1554 97.6154
1557 97.6049
1557.01 97.6049
1557.1 97.6045
1557.42 97.6034
1558 97.6014
1558.16 97.6008
1559 97.5979
1560 97.5944
1560.29 97.5934
1562 97.5874
1563 97.5839
1564 97.5804
1565.2 97.5762
1565.55 97.575
1566 97.5734
1567 97.5699
1568 97.5664
1568.95 97.5631
1569.21 97.5622
1570.58 97.5574
1570.73 97.5569
1571 97.5559
1571 97.5559
1571 97.5559
1572 97.5524
1575.2 97.5413
1576 97.5385
1578 97.5315
1579 97.528
1580 97.5245
1581 97.521
1583 97.514
1583 97.514
1583 97.514
1584.31 97.5094
1585 97.507
1586 97.5035
1586 97.5035
1586 97.5035
1589 97.493
1589.89 97.4899
1592 97.4825
1592.24 97.4817
1595.34 97.4708
1595.69 97.4696
1596.31 97.4674
1597 97.465
1598 97.4615
1598 97.4615
1598 97.4615
1599 97.458
1599 97.458
1599 97.458
1600 97.4545
1601 97.451
1601 97.451
1601 97.451
1601 97.451
1601 97.451
1602 97.4476
1603 97.4441
1603.86 97.4411
1604 97.4406
1604 97.4406
1604 97.4406
1605 97.4371
1605.51 97.4353
1605.83 97.4342
1606 97.4336
1606 97.4336
1606 97.4336
1606 97.4336
1606 97.4336
1607 97.4301
1609 97.4231
1610.39 97.4182
1611 97.4161
1611 97.4161
1611 97.4161
1611 97.4161
1611 97.4161
1611 97.4161
1611 97.4161
1614 97.4056
1615 97.4021
1615 97.4021
1615 97.4021
1616.17 97.398
1616.84 97.3957
1618 97.3916
1618 97.3916
1618 97.3916
1619 97.3881
1621 97.3811
1621.24 97.3803
1621.61 97.379
1622 97.3776
1623.18 97.3735
1624 97.3706
1625 97.3671
1626 97.3636
1626.72 97.3611
1627 97.3601
1630 97.3496
1631 97.3462
1631 97.3462
1631 97.3462
1632 97.3427
1632.05 97.3425
1633 97.3392
1633 97.3392
1633 97.3392
1636.89 97.3256
1637 97.3252
1638 97.3217
1640.32 97.3136
1641 97.3112
1641.9 97.308
1642 97.3077
1644 97.3007
1644 97.3007
1644 97.3007
1645.42 97.2957
1646 97.2937
1648 97.2867
1648 97.2867
1648 97.2867
1649 97.2832
1649.01 97.2832
1651 97.2762
1653.22 97.2685
1654.38 97.2644
1655 97.2622
1656 97.2587
1656.75 97.2561
1657 97.2552
1657 97.2552
1657 97.2552
1657 97.2552
1659 97.2483
1660 97.2448
1660.39 97.2434
1660.62 97.2426
1660.81 97.2419
1661 97.2413
1661 97.2413
1661 97.2413
1661.46 97.2397
1661.98 97.2378
1663 97.2343
1663.8 97.2315
1665 97.2273
1665 97.2273
1665 97.2273
1665 97.2273
1665 97.2273
1665.99 97.2238
1666.05 97.2236
1667 97.2203
1667 97.2203
1667 97.2179
1667 99
1668.28 97.2135
1669 97.2133
1669.66 97.211
1671 97.2063
1671 97.2063
1671 97.2063
1671 97.2063
1671 97.2063
1672.41 97.2014
1673 97.1993
1675 97.1923
1676 97.1888
1676 97.1888
1676 97.1888
1677 97.1853
1677 97.1853
1677 97.1853
1678.07 97.1816
1679 97.1783
1679.15 97.1778
1680 97.1748
1680 97.1748
1680 97.1748
1681.31 97.1702
1683 97.1643
1683.67 97.162
1684.04 97.1607
1685.96 97.154
1687 97.1503
1688 97.1469
1688.55 97.1449
1689.14 97.1429
1690 97.1399
1690 97.1399
1690 97.1399
1691.97 97.133
1692 97.1329
1693 97.1294
1693 97.1294
1693 97.1294
1695 97.1224
1696.46 97.1172
1698 97.1119
1698 97.1119
1698 97.1119
1698 97.1119
1698 97.1119
1698 97.1119
1698 97.1119
1698.74 97.1093
1699 97.1084
1699.84 97.1054
1700 97.1049
1700 97.1049
1700 97.1049
1701 97.1014
1702 97.0979
1702.19 97.0972
1702.38 97.0966
1703.49 97.0927
1703.92 97.0912
1704.45 97.0893
1705 97.0874
1705.64 97.0852
1706.83 97.081
1707 97.0804
1707.82 97.0776
1708 97.0769
1710.23 97.0691
1711 97.0664
1712 97.0629
1713 97.0594
1713.32 97.0583
1714 97.0559
1715 97.0524
1716.17 97.0484
1717 97.0455
1718 97.042
1719 97.0385
1719 97.0385
1719 97.0385
1719 97.0385
1719 97.0385
1719 97.0385
1719 97.0385
1719 97.0385
1719.19 97.0378
1721.25 97.0306
1722 97.028
1723 97.0245
1724 97.021
1725 97.0175
1726 97.014
1726.14 97.0135
1726.4 97.0126
1727 97.0105
1727 97.0105
1727 97.0105
1729 97.0035
1729.38 97.0022
1730 97
1730 97
1730 97
1730 91.1523
1730 91.1482
1730 91.1482
1731 91.1624
1732 91.1765
1732.91 91.1894
1732.97 91.1901
1734 91.2047
1734 91.2047
1734 91.2047
1734 91.2075
1734 93
1735 92.6255
1736 92.2511
1736.59 92.0315
1738.62 91.2698
1739 91.2752
1739 91.2752
1739 91.2752
1740.53 91.2968
1741 91.3035
1744 91.3459
1744 91.3459
1744 91.3459
1744 91.3428
1744 94
1744.13 93.999
1746 93.9854
1747 93.9781
1748 93.9708
1749 93.9635
1749.04 93.9632
1749.83 93.9574
1750 93.9562
1753 93.9343
1754 93.927
1754 93.927
1754 93.927
1754.88 93.9206
1755 93.9197
1756.2 93.911
1757 94.2207
1757 94.2207
1757 94.2207
1758 94.6103
1758 94.6102
1758 94.6103
1758 94.6103
1758.49 94.8026
1759 95
1759 93.8835
1759 93.8908
1759 93.8908
1759 93.8908
1759.73 93.886
1760 93.956
1760 93.9559
1760 93.956
1760.3 94.0343
1760.64 94.1239
1761 94.217
1762 94.478
1763 94.739
1764 95
1764 93.8542
1764 93.854
1764 93.854
1766 93.8394
1767.51 93.8284
1767.95 93.8252
1768 93.8248
1768.98 93.8176
1770.49 93.8067
1771 93.8029
1771 93.8029
1771 93.8029
1772 93.7956
1773 93.7883
1773 93.7883
1773 93.7883
1774 93.781
1775 93.7737
1776 93.7664
1776.81 93.7605
1777 93.7591
1777.29 93.7574
1778 94.0954
1778 94.0953
1778 94.0954
1780 95.0474
1781 95.5234
1781.16 95.5984
1782 96
1782 93.723
1782 93.7226
1782 93.7226
1782 93.7226
1782 93.7226
1782 93.7226
1782.81 93.7168
1783 93.7153
1783.5 93.7168
1785.18 94.1951
1785.87 94.3919
1786 94.4286
1788 95
1789 95.2857
1789 95.2858
1789 95.2857
1790 95.5714
1790.24 95.6414
1791.28 95.938
1791.83 96.0948
1792 96.1429
1793 96.4286
1794.99 96.998
1795 97
1796 97.2857
1796 97.2857
1796 97.2857
1796.57 97.4494
1797 97.5714
1797.94 97.8394
1798 97.8571
1798 97.8572
1798 97.8571
1799 98.1429
1799 98.1429
1799 98.1429
1800 98.4286
1800 98.4286
1800 98.4286
1800.1 98.4578
1801 98.7143
1802 99
1802 102.317
1802 99
1802 95.6833
1802 95.6804
1802 95.6804
1803 95.5207
1804 95.3609
1804 95.3609
1804 95.3609
1804.6 95.2654
1805 95.2011
1807 94.8816
1808 94.7218
1808.21 94.6885
1808.48 94.6456
1809 94.5621
1809.81 94.4323
1810 94.4023
1810 94.4023
1810 94.4023
1810 94.4023
1812 94.0828
1812 94.0828
1812 94.0827
1812 94.0824
1812 100
1813 99.9933
1813 99.9933
1813 99.9933
1813 99.9933
1814 99.9867
1814.77 99.9815
1816 99.9733
1818.96 99.9536
1820 99.9467
1820.15 99.9457
1821 99.94
1822 99.9333
1822 99.9333
1822.22 99.9319
1823 99.9267
1825 99.9133
1825 99.9133
1825 99.9133
1827 99.9
1827.67 99.8955
1830 99.88
1832 99.8667
1832.77 99.8615
1834.88 99.8475
1835 99.8467
1839 99.82
1839.41 99.8173
1839.58 99.8161
1839.92 99.8139
1840 99.8133
1841.01 99.8066
1841.81 99.8013
1842 99.8
1842 99.8
1842 99.8
1843 99.7933
1844 99.7867
1845 99.78
1845 99.78
1845 99.78
1845 99.78
1845 99.78
1845 99.78
1845 99.78
1846 99.7733
1847 99.7667
1847 99.7667
1847 99.7667
1847 99.7667
1848 99.76
1850 99.7467
1850 99.7467
1850 99.7467
1850.32 99.7446
1852 99.7333
1852 99.7333
1852 99.7333
1853.41 99.7239
1854 99.72
1856 99.7067
1857 99.7
1857 99.7
1857 99.7
1857 99.7
1857 99.7
1857 99.7
1859.08 99.6862
1860 99.68
1861 99.6733
1861.19 99.6721
1861.36 99.6709
1862.33 99.6645
1863 99.66
1864 99.6533
1865 99.6467
1865 99.6467
1865 99.6467
1866 99.64
1866.26 99.6383
1867 99.6333
1868 99.6267
1868.23 99.6196
1868.93 99.9679
1869 100
1869 128
1869 99.62
1869 128
1869 100
1869 99.6363
1869 99.62
1869 99.62
1869 99.62
1869 99.62
1869.07 99.6195
1870 99.6133
1873.15 99.5923
1874 99.5867
1874.72 99.5818
1875 99.58
1875 99.58
1875 99.58
1878 99.56
1879.15 99.5523
1879.38 99.5508
1881.93 99.5338
1882 99.5333
1882 99.5333
1882 99.5333
1882 99.5333
1882.82 99.5279
1884 99.52
1886 99.5067
1886.63 99.5025
1887 99.5
1888 99.4933
1888 99.4933
1888 99.4933
1888.42 99.4905
1890 99.48
1891 99.4733
1898 99.4267
1898 99.4267
1898 99.4267
1898 99.4267
1899 99.42
1899 99.42
1899 99.42
1900.84 99.4077
1901 99.4067
1902 99.4
1902.42 99.3972
1905 99.38
1905 99.38
1905 99.38
1905 99.38
1905 99.38
1906 99.3733
1909 99.3533
1909 99.3533
1909 99.3533
1909.36 99.351
1910 99.3467
1911 99.34
1912.34 99.3311
1913 99.3267
1914 99.32
1915 99.3133
1915 99.3133
1915 99.3133
1915 99.3133
1915.21 99.3119
1915.45 99.3103
1918 99.2933
1920 99.28
1922 99.2667
1922 99.2667
1922 99.2667
1922.69 99.2621
1923 99.26
1924 99.2533
1924 99.2533
1924 99.2533
1924.94 99.2471
1925 99.2467
1927 99.2333
1928 99.2267
1928 99.2267
1928 99.2267
1928.3 99.2247
1929 99.22
1929 99.22
1929 99.22
1931 99.2067
1932 99.2
1933 99.1933
1933 99.1933
1933 99.1933
1934 99.1867
1935.26 99.1782
1935.83 99.1744
1937.86 99.1609
1938 99.16
1938.16 99.159
1938.67 99.1555
1938.72 99.1552
1939 99.1533
1942 99.1333
1945 99.1133
1946 99.1067
1947 99.1
1948.86 99.0876
1949.8 99.0813
1950 99.08
1951 99.0733
1950.98 99.0735
1951 99.0733
1951 99.0733
1952 99.0667
1954 99.0533
1957 99.0333
1958 99.0267
1960 99.0133
1960.19 99.012
1961.34 99.0044
1962 99
1962 98.3225
1962 98.3246
1962 98.3246
1962 98.3245
1962 98.3245
1962 98.3245
1962.14 98.3451
1964 98.6291
1964.08 98.6407
1965 98.7815
1966.64 99.0312
1969 99.3907
1969 99.3907
1969 99.3907
1970.61 99.6363
1971 99.6954
1972 99.8477
1972 99.8475
1972 99.8476
1972 99.8477
1972 99.8477
1972.92 99.9873
1973 100
1973 92.3294
1973 92.3285
1973 92.3285
1973.64 92.3238
1974 92.3212
1974 92.3212
1974 92.3212
1974 92.3212
1974 92.3212
1974 92.3212
1974 92.3221
1974 99
1975.8 98.3155
1976 98.2385
1976.88 97.902
1977 97.8578
1979.83 96.7794
1979.93 96.7681
1980 97
1980 96.7425
1980 96.7157
1980 96.7156
1980 96.7156
1981.69 96.0733
1982 95.9541
1982.61 95.723
1983.06 95.5489
1984 95.1926
1984.4 95.0402
1985 94.8119
1985 94.8119
1985 94.8118
1985 94.8121
1985 94.8116
1985 94.8119
1985.03 94.8007
1986 94.4312
1987 94.0504
1989 93.2888
1990 92.9079
1990 92.9077
1990 92.9079
1990.55 92.6975
1990.57 92.7017
1991 92.7974
1993.43 93.3447
1994.35 93.5503
1996 96
1996 93.9207
1996 93.9227
1996 93.9228
1996 93.9228
1997 94.1479
1997 94.1478
1997 94.1479
1998 94.373
1998 94.373
1998 94.373
2000 94.8232
2000.63 94.9644
2001 95.0482
2001.53 95.1682
2002.85 95.4635
2005 95.9485
2005.75 96.118
2008 96.6238
2012 97.5241
2014 97.9743
2016.93 98.6348
2017.49 98.7593
2018.19 98.9176
2019 99.0997
2019.47 99.2055
2021.76 99.7211
2022 99.7749
2023 100
2023 93.8783
2023 93.8788
2023 93.8788
2023 93.8788
2024 94.103
2024 94.1031
2024 94.103
2026.71 94.7105
2027 94.7758
2028 95
2028 91.9259
2028 91.927
2030 91.9124
2031 91.9051
2032.51 91.8941
2033 91.8905
2033.13 91.8896
2035 91.8759
2035.78 91.8702
2037.87 91.855
2038 91.854
2038 91.854
2038 91.854
2040 91.8394
2040.13 91.8384
2041 91.8321
2041 91.8321
2041 91.8321
2041.2 91.8307
2042.36 91.8222
2043.02 91.8174
2044.2 91.8088
2045.18 91.8024
2049 92.1095
2050.91 92.2638
2051 92.2709
2052 92.3516
2059 92.9164
2060 92.9971
2061 93.0778
2063.98 93.3184
2064 93.3199
2067 93.562
2069 93.7233
2075.38 94.2381
2076 94.2882
2076.98 94.3669
2078.52 94.4911
2081 94.6916
2082 94.7723
2085.21 95.0317
2088 95.2565
2093 95.6599
2094 95.7406
2097 95.9827
2097 95.9827
2097 95.9827
2101.14 96.3166
2102 96.3862
2105.02 96.6303
2107 96.7896
2108.13 96.8805
2109 96.951
2110 97.0317
2110.26 97.0542
2111 97.5161
2115 100
2115 97.4371
2115 97.4352
2115 97.4352
2115.7 97.4918
2118 97.6772
2122 98
2122 91.2404
2122 91.2409
2122 91.2409
2125 91.219
2127.47 91.201
2128 91.1971
2128.24 91.1953
2129 91.1898
2132 91.1679
2142 91.0949
2146.12 91.0648
2148 91.0511
2149 91.0438
2150 91.0365
2153.1 91.0139
2154 91.0073
2155 91
2155 90.7487
2155 90.7475
2161 91.899
2162.25 92.1389
2164 92.4747
2165 92.6667
2165 92.6666
2165 92.6667
2168 93.2424
2169.58 93.5448
2170.64 93.7499
2173 94.202
2173 94.202
2173 94.202
2175 94.5859
2176 94.7778
2177 94.9697
2178 95.1616
2179.66 95.4794
2184 96.3131
2187.24 96.9358
2188 97.0808
2191.95 97.8382
2192 97.8485
2198 99
2198 97.6337
2198 97.6329
2198.19 97.6966
2201 98.6582
2202 99
2202 86.3149
2202 86.3153
2207 86.4955
2209 86.5676
2216 86.8198
2221 87
2221 81.0444
2221 81.0452
2221 81.0451
2221 81.0452
2226 82.3446
2227 82.6045
2232 83.904
2237 85.2034
2239 85.7232
2243 86.7627
2244 87.0226
2259 90.9209
2263 91.9604
2267 93
2267 80.5435
2267 80.5442
2268 80.7521
2274 82
2274 75.9137
2274 75.9132
2274 75.9131
2274 75.9132
2275 76
2275 74.4086
2275 74.4082
2279 74.5805
2294 75.2268
2298 75.3991
2301 75.5283
2306 75.7438
2310 75.9161
2374 78.6735
2390 79.3628
2394 79.5351
2413 80.3537
2415 80.4399
2428 81
2428 19.184
2428 19.1834
2430 19
2430 15.0083
2430 15.0082
2432 15
2432 0
